	.BYTE 0,0,0,0,0,0,0,0
	.BYTE 0,63,127,255,255,126,60,51
	.BYTE 56,40,102,211,131,194,62,0
	.BYTE 0,0,128,207,123,0,0,0
	.BYTE 194,99,0,0,0,0,0,0
	.BYTE 0,102,108,24,48,102,70,0
	.BYTE 28,54,28,56,111,102,59,0
	.BYTE 56,56,48,48,0,0,0,0
	.BYTE 14,28,24,24,24,28,14,0
	.BYTE 112,56,24,24,24,56,112,0
	.BYTE 0,102,60,24,60,102,0,0
	.BYTE 0,24,24,126,24,24,0,0
	.BYTE 0,0,0,0,0,56,24,48
	.BYTE 0,0,0,126,0,0,0,0
	.BYTE 0,0,0,0,0,24,24,0
	.BYTE 0,24,0,126,0,24,0,0
	.BYTE 60,102,110,126,118,102,60,0
	.BYTE 24,120,24,24,24,24,126,0
	.BYTE 60,102,6,28,48,102,126,0
	.BYTE 60,102,6,28,6,102,60,0
	.BYTE 12,28,60,108,126,12,12,0
	.BYTE 126,96,124,6,6,102,60,0
	.BYTE 60,102,96,124,102,102,60,0
	.BYTE 126,6,12,24,48,48,48,0
	.BYTE 60,102,102,60,102,102,60,0
	.BYTE 60,102,102,62,6,12,56,0
	.BYTE 0,24,24,0,0,24,24,0
	.BYTE 0,0,56,56,0,56,24,48
	.BYTE 6,12,24,48,24,12,6,0
	.BYTE 0,0,126,0,0,126,0,0
	.BYTE 96,48,24,12,24,48,96,0
	.BYTE 60,102,6,12,24,0,24,0
	.BYTE 60,102,90,86,94,96,62,0
	.BYTE 6,14,30,54,102,254,198,0
	.BYTE 252,102,102,124,102,102,252,0
	.BYTE 60,102,96,96,96,102,60,0
	.BYTE 248,108,102,102,102,108,248,0
	.BYTE 254,98,96,120,96,98,254,0
	.BYTE 254,98,96,120,96,96,240,0
	.BYTE 60,102,96,96,110,102,62,0
	.BYTE 102,102,102,126,102,102,102,0
	.BYTE 126,24,24,24,24,24,126,0
	.BYTE 30,12,12,12,236,76,120,0
	.BYTE 246,108,120,112,120,108,246,0
	.BYTE 240,96,96,96,96,98,126,0
	.BYTE 198,198,238,254,214,198,198,0
	.BYTE 102,102,118,126,110,102,102,0
	.BYTE 60,102,102,102,102,102,60,0
	.BYTE 252,102,102,102,124,96,240,0
	.BYTE 120,204,204,204,204,216,108,0
	.BYTE 252,102,102,102,124,108,247,0
	.BYTE 60,110,96,60,6,102,60,0
	.BYTE 126,24,24,24,24,24,24,0
	.BYTE 102,102,102,102,102,102,60,0
	.BYTE 102,102,102,102,102,60,24,0
	.BYTE 198,198,198,214,254,238,198,0
	.BYTE 198,238,124,56,124,238,198,0
	.BYTE 231,102,102,60,24,24,60,0
	.BYTE 126,102,12,24,48,102,126,0
	.BYTE 30,24,24,24,24,24,30,0
	.BYTE 0,64,96,48,24,12,6,0
	.BYTE 120,24,24,24,24,24,120,0
	.BYTE 0,8,28,54,99,0,0,0
	.BYTE 0,0,0,0,0,0,0,255
	.BYTE 0,54,127,127,62,28,8,0
	.BYTE 24,24,24,31,31,24,24,24
	.BYTE 3,3,3,3,3,3,3,3
	.BYTE 24,24,56,248,248,0,0,0
	.BYTE 24,24,24,248,248,24,24,24
	.BYTE 0,0,0,248,248,56,24,24
	.BYTE 3,7,14,28,56,112,224,192
	.BYTE 192,224,112,56,28,14,7,3
	.BYTE 1,3,7,15,31,63,127,255
	.BYTE 0,0,0,0,15,15,15,15
	.BYTE 128,192,224,240,248,252,254,255
	.BYTE 15,15,15,15,0,0,0,0
	.BYTE 240,240,240,240,0,0,0,0
	.BYTE 255,255,0,0,0,0,0,0
	.BYTE 0,0,0,0,0,0,255,255
	.BYTE 0,0,0,0,240,240,240,240
	.BYTE 0,28,28,119,119,8,28,0
	.BYTE 0,0,0,31,31,28,24,24
	.BYTE 0,0,0,255,255,0,0,0
	.BYTE 24,24,24,255,255,24,24,24
	.BYTE 0,0,60,126,126,126,60,0
	.BYTE 0,0,0,0,255,255,255,255
	.BYTE 192,192,192,192,192,192,192,192
	.BYTE 0,0,0,255,255,24,24,24
	.BYTE 24,24,24,255,255,0,0,0
	.BYTE 240,240,240,240,240,240,240,240
	.BYTE 24,24,28,31,31,0,0,0
	.BYTE 34,34,102,102,0,0,0,0
	.BYTE 0,24,60,126,24,24,24,0
	.BYTE 0,24,24,24,126,60,24,0
	.BYTE 0,24,56,126,56,24,0,0
	.BYTE 0,24,28,126,28,24,0,0
	.BYTE 0,24,60,126,126,60,24,0
	.BYTE 0,0,120,12,124,204,126,0
	.BYTE 224,96,124,102,102,102,252,0
	.BYTE 0,0,60,96,96,96,60,0
	.BYTE 14,12,124,204,204,204,126,0
	.BYTE 0,0,60,102,126,96,62,0
	.BYTE 28,48,48,124,48,48,120,0
	.BYTE 0,0,122,204,204,124,12,248
	.BYTE 224,96,124,102,102,102,119,0
	.BYTE 24,0,56,24,24,24,60,0
	.BYTE 0,24,0,24,24,24,216,112
	.BYTE 224,96,102,108,120,108,247,0
	.BYTE 56,24,24,24,24,24,60,0
	.BYTE 0,0,236,254,214,198,198,0
	.BYTE 0,0,92,102,102,102,102,0
	.BYTE 0,0,60,102,102,102,60,0
	.BYTE 0,0,252,102,102,124,96,224
	.BYTE 0,0,126,204,204,124,12,14
	.BYTE 0,0,252,102,96,96,240,0
	.BYTE 0,0,124,192,252,12,248,0
	.BYTE 56,24,126,24,24,24,30,0
	.BYTE 0,0,231,102,102,102,63,0
	.BYTE 0,0,102,102,102,60,24,0
	.BYTE 0,0,227,99,107,127,54,0
	.BYTE 0,0,102,60,24,60,102,0
	.BYTE 0,0,238,108,108,60,24,240
	.BYTE 0,0,252,152,48,100,252,0
	.BYTE 0,24,60,126,126,24,60,0
	.BYTE 24,24,24,24,24,24,24,24
	.BYTE 0,0,0,24,24,0,0,0
	.BYTE 8,24,56,120,56,24,8,0
	.BYTE 16,24,28,30,28,24,16,0